      0.37       0.36      0.315      0.142     0.0514      0.006    0.00534     0.0115      0.166      0.942    0.00053       2.82      0.704      0.105     0.0541      0.637      0.988      0.913      0.839        0.2       4.78          1      0.016      0.661      0.474          0     0.0905      0.541          0          0          0        0.5      0.957          0
     0.465      0.307      0.314      0.141     0.0512    0.00603     0.0053     0.0115      0.167      0.942    0.00053       2.81      0.704      0.105     0.0539      0.636      0.993      0.921      0.839        0.2       4.77          1      0.016      0.661      0.474          0     0.0913      0.541          0          0          0        0.5      0.957          0
     0.439      0.307      0.305       0.14     0.0523    0.00597    0.00528     0.0114      0.158      0.937    0.00054       2.87      0.708      0.105     0.0546      0.636      0.988      0.931      0.817        0.2       4.78          1     0.0167      0.661      0.466          0     0.0897      0.537          0          0          0        0.5      0.949          0
     0.362      0.353      0.307      0.139     0.0428    0.00471    0.00538      0.014      0.215      0.891    0.00054       2.81      0.769      0.124     0.0451      0.636      0.993      0.926      0.697        0.2       3.93          1      0.019      0.714      0.454          0      0.101      0.541          0          0          0        0.5          1          0
     0.362      0.358      0.308      0.137     0.0523    0.00607    0.00536     0.0116      0.161      0.942    0.00053       2.81      0.704      0.106     0.0548      0.637      0.987       0.94      0.827        0.2       4.77          1      0.016      0.661      0.478          0     0.0943      0.557          0          0          0        0.5      0.963          0
     0.451      0.335      0.306      0.137     0.0519    0.00568    0.00488     0.0115      0.167      0.948    0.00051       2.71      0.746      0.105     0.0541      0.614      0.907      0.857      0.831        0.2       4.89          1     0.0159      0.769      0.448          0     0.0917      0.545          0          0          0        0.5      0.957          0
     0.377       0.36      0.319      0.135     0.0576    0.00802    0.00729     0.0132      0.177      0.942    0.00055       2.55      0.614     0.0914     0.0579      0.868       1.04      0.932       1.05        0.2       5.87          1     0.0175      0.625      0.377          0      0.107      0.344          0          0          0        0.5          1          0
      0.39      0.345      0.305      0.136     0.0551    0.00625    0.00538     0.0122      0.155       0.96    0.00056       2.82      0.704      0.102     0.0572      0.642      0.988      0.935      0.825        0.2       5.06          1      0.016      0.696      0.467          0     0.0905      0.538          0          0          0        0.5      0.978          0
     0.422       0.31      0.304      0.136     0.0476    0.00543    0.00534     0.0124      0.162      0.942    0.00053       3.02      0.669      0.113     0.0503      0.625       1.02       0.94      0.827        0.2       3.91          1     0.0159      0.729      0.478          0     0.0943      0.536          0          0          0        0.5          1          0
     0.427      0.302      0.303      0.136     0.0517    0.00618    0.00545     0.0127      0.157       0.93    0.00046       2.82      0.533      0.105     0.0544      0.654      0.988      0.905       0.88        0.2       4.77          1      0.016      0.661      0.467          0     0.0905      0.534          0          0          0        0.5       0.97          0
     0.347       0.35      0.299      0.134     0.0529     0.0058    0.00526     0.0118      0.137      0.937    0.00053       2.75      0.716      0.104     0.0556      0.635      0.969       0.94      0.781        0.2       4.66          1     0.0154      0.748      0.469          0     0.0938       0.65          0          0          0        0.5      0.958          0
     0.336      0.377      0.299      0.132       0.05    0.00586    0.00556    0.00905      0.175       0.98    0.00044       3.35      0.731     0.0987      0.052      0.666      0.974          1      0.713        0.2       4.78          1     0.0165       0.67      0.474          0      0.101      0.501          0          0          0        0.5      0.957          0
     0.301      0.368      0.278      0.122      0.052     0.0059    0.00527     0.0113      0.151       0.98    0.00053       2.79      0.675      0.111     0.0539      0.626      0.959       1.01      0.742        0.2       4.56          1     0.0179      0.518      0.474          0       0.08      0.473          0          0          0        0.5      0.957          0
     0.374      0.296      0.247      0.114     0.0425     0.0062    0.00334    0.00869      0.159      0.881    0.00054       2.68      0.704     0.0897     0.0445       0.43      0.748       0.94      0.837        0.2       4.77          1     0.0154      0.661      0.466          0     0.0966      0.544          0          0          0        0.5      0.963          0
